Test of new input file

Method: Axis scan=scan Taylor=beta
Thermochemistry: Target barrier=0.01 Redox=0 Potential=0.00
Computation: Initial point=(0,0,0) Modulus=100 Grid=2000
Extra: tolerance=1E-12

-#-#-#- Chemical species: Reactants -#-#-#-
[[Mn]-CO]+
Energy
-2173.3313624715
Dipole	Moment	R	N=	3	
	-2.53333469E+00	-2.45172033E+00	-1.24765875E-01		
Polarizability	R	N=	6		
	3.13468634E+02	-8.69329246E-01	3.13240663E+02	-1.26442293E+01	-1.24151391E+01
	2.64279494E+02				
HyperPolarizability	R	N=	10		
	7.20964560E+02	-1.15945680E+02	-7.54401849E+01	7.23509452E+02	2.67657586E+01
	-1.64003586E+01	-1.38484506E+01	-2.24479664E+02	-2.13147210E+02	8.44397616E+00
Nuclear
4.8737559E+01	-3.0306489E+00	-5.4798857E+01
-3.0306489E+00	4.9345053E+01	1.0172075E+02
7.1306426E+00	6.7582840E+00	6.3859254E+00
-#-#-#- Chemical species: Products -#-#-#-
[[Mn]···CO2]-
Energy
-2248.77777205753
Dipole	Moment	R	N=	3	
	-4.41721522	-4.53942289	1.55115189		
Polarizability	R	N=	6.00000000E+00		
	392.472439	-14.1984128	396.753238	-25.9701842	-6.38856829
	4.07554383E+02				
HyperPolarizability	R	N=	1.00000000E+01		
	-1745.08456	-483.485148	-135.906552	-2359.36436	25.1188556
	-2.05085793E+02	1.21077357E+03	-3.03807760E+02	1.58788126E+03	6.89121912E+03
Nuclear
1.2382684E+02	2.8971556E+01	3.2589130E+01
2.8971556E+01	6.8040185E+01	-1.2831028E+02
3.2589130E+01	-1.2831028E+02	-2.5406583E+02
-#-#-#- Small molecules: Reactants -#-#-#-
[HCO3(H2O)2]-
Energy
-417.463077411378
Dipole	Moment	R	N=	3	
	-1.07504793E-02	2.76927944E-02	1.23661433E+00		
Polarizability	R	N=	6		
	7.08639016E+01	-6.91045994E-01	5.64069702E+01	1.85076824E+00	7.72139511E+00
	6.28279397E+01				
HyperPolarizability	R	N=	10		
	8.28357910E+01	-1.07845548E+01	-3.56571824E+01	-8.04094709E+00	-5.15912359E+00
	-4.19309087E+01	-7.15176212E+00	-6.68408658E+01	-8.01193029E+00	-5.35049124E+01
Nuclear
1.5721979E+02	-1.3582799E+02	7.8002830E+01
-1.3582799E+02	3.2789364E+02	-1.4036438E+02
7.8002830E+01	-1.4036438E+02	1.6978925E+02
[HCO3(H2O)3]-
Energy
-493.901680227864
Dipole	Moment	R	N=	3	
	-1.07504793E-02	2.76927944E-02	1.23661433E+00		
Polarizability	R	N=	6		
	7.08639016E+01	-6.91045994E-01	5.64069702E+01	1.85076824E+00	7.72139511E+00
	6.28279397E+01				
HyperPolarizability	R	N=	10		
	8.28357910E+01	-1.07845548E+01	-3.56571824E+01	-8.04094709E+00	-5.15912359E+00
	-4.19309087E+01	-7.15176212E+00	-6.68408658E+01	-8.01193029E+00	-5.35049124E+01
Nuclear
1.4507204E+02	-1.0450358E+02	4.6510246E+01
-1.0450358E+02	6.1812605E+02	-2.5542950E+02
4.6510246E+01	-2.5542950E+02	3.0339439E+02
-#-#-#- Small molecules: Products -#-#-#-
(H2O)3
Energy
-229.313568911612
Dipole  Moment  R   N=  3
    -2.55189404E-02 -5.02997050E-02 2.57237166E+00
Polarizability  R   N=  6
    3.50439057E+01  -6.13183997E-01 3.29162892E+01  -7.58249703E-02 -5.67990220E-01
    3.44838255E+01
HyperPolarizability R   N=  10
    -1.51779766E+01 4.27519759E+00  -3.69517597E-01 -3.22922400E+00 -8.77134439E+00
    -9.94596151E-01 7.90707895E-01  1.45990878E+01  5.92306112E-01  -2.28263652E+01
Nuclear
1.3373979E+02   3.5004807E+01   7.4765584E+01
3.5004807E+01   9.3573536E+01   4.4048240E+01
7.4765584E+01   4.4048240E+01   1.5127144E+02
(H2O)3
Energy
-229.313568911612
Dipole  Moment  R   N=  3
    -2.55189404E-02 -5.02997050E-02 2.57237166E+00
Polarizability  R   N=  6
    3.50439057E+01  -6.13183997E-01 3.29162892E+01  -7.58249703E-02 -5.67990220E-01
    3.44838255E+01
HyperPolarizability R   N=  10
    -1.51779766E+01 4.27519759E+00  -3.69517597E-01 -3.22922400E+00 -8.77134439E+00
    -9.94596151E-01 7.90707895E-01  1.45990878E+01  5.92306112E-01  -2.28263652E+01
Nuclear
1.3373979E+02   3.5004807E+01   7.4765584E+01
3.5004807E+01   9.3573536E+01   4.4048240E+01
7.4765584E+01   4.4048240E+01   1.5127144E+02
CO2
Energy
-188.612578131274
Dipole	Moment	R	N=	3	
	-2.77111667E-13	6.51839693E-14	-3.76587650E-13		
Polarizability	R	N=	6		
	1.80399307E+01	-8.06544451E-01	1.47092259E+01	6.51189595E+00	-1.49721244E+00
	2.65968404E+01				
HyperPolarizability	R	N=	10		
	-4.86037308E-11	8.98771718E-11	-1.74790406E-10	1.25456279E-10	4.25979352E-11
	-3.82300156E-11	-2.36207125E-10	-4.14065410E-11	-3.28027211E-11	-4.48748108E-10
Nuclear
2.9494473E+00	0.0000000E+00	0.0000000E+00
0.0000000E+00	2.9494473E+00	0.0000000E+00
0.0000000E+00	0.0000000E+00	4.8312169E+00
CO2
Energy
-188.612578131274
Dipole  Moment  R   N=  3
    -2.77111667E-13 6.51839693E-14  -3.76587650E-13
Polarizability  R   N=  6
    1.80399307E+01  -8.06544451E-01 1.47092259E+01  6.51189595E+00  -1.49721244E+00
    2.65968404E+01
HyperPolarizability R   N=  10
    -4.86037308E-11 8.98771718E-11  -1.74790406E-10 1.25456279E-10  4.25979352E-11
    -3.82300156E-11 -2.36207125E-10 -4.14065410E-11 -3.28027211E-11 -4.48748108E-10
Nuclear
2.9494473E+00   0.0000000E+00   0.0000000E+00
0.0000000E+00   2.9494473E+00   0.0000000E+00
0.0000000E+00   0.0000000E+00   4.8312169E+00
-#-#-#- END OF FILE -#-#-#-
