Test of new input file

Method: Axis scan=scan Taylor=beta
Thermochemistry: Target barrier=0.01 Redox=0 Potential=0.00
Computation: Initial point=(0,0,0) Modulus=100 Grid=2000
Extra: tolerance=1E-12

-#-#-#- Chemical species: Reactants -#-#-#-
[[Mn]-CO]+
Energy
-2172.611622855850
Dipole	Moment	R	N=	3	
	-2.53333469E+00	-2.45172033E+00	-1.24765875E-01		
Polarizability	R	N=	6		
	3.13468634E+02	-8.69329246E-01	3.13240663E+02	-1.26442293E+01	-1.24151391E+01
	2.64279494E+02				
HyperPolarizability	R	N=	10		
	7.20964560E+02	-1.15945680E+02	-7.54401849E+01	7.23509452E+02	2.67657586E+01
	-1.64003586E+01	-1.38484506E+01	-2.24479664E+02	-2.13147210E+02	8.44397616E+00
Nuclear
4.8737559E+01	-3.0306489E+00	-5.4798857E+01
-3.0306489E+00	4.9345053E+01	1.0172075E+02
7.1306426E+00	6.7582840E+00	6.3859254E+00
-#-#-#- Chemical species: Products -#-#-#-
[[Mn]···CO2]-
Energy
-2248.017603126310
Dipole	Moment	R	N=	3	
	-4.41721522E+00	-4.53942289E+00	1.55115189E+00		
Polarizability	R	N=	6		
	3.92472439E+02	-1.41984128E+01	3.96753238E+02	-2.59701842E+01	-6.38856829E+00
	4.07554383E+02				
HyperPolarizability	R	N=	10		
	-1.74508456E+03	-4.83485148E+02	-1.35906552E+02	-2.35936436E+03	2.51188556E+01
	-2.05085793E+02	1.21077357E+03	-3.03807760E+02	1.58788126E+03	6.89121912E+03
Nuclear
1.2382684E+02	2.8971556E+01	3.2589130E+01
2.8971556E+01	6.8040185E+01	-1.2831028E+02
3.2589130E+01	-1.2831028E+02	-2.5406583E+02
-#-#-#- Small molecules: Reactants -#-#-#-
[HCO3(H2O)2]-
Energy
-417.176397206485
Dipole	Moment	R	N=	3	
	-1.41212435E-02	2.91409294E-02	1.23962400E+00		
Polarizability	R	N=	6		
	7.08286408E+01	-5.91809090E-01	5.58148867E+01	1.85281072E+00	7.80512244E+00
	6.23841515E+01				
HyperPolarizability	R	N=	10		
	8.07654723E+01	-1.48843920E+01	-3.70521758E+01	-1.33464003E+01	-6.67152329E+00
	-4.13772246E+01	-8.91345217E+00	-6.69155002E+01	-1.03739156E+01	-5.76459933E+01
Nuclear
1.5721979E+02	-1.3582799E+02	7.8002830E+01
-1.3582799E+02	3.2789364E+02	-1.4036438E+02
7.8002830E+01	-1.4036438E+02	1.6978925E+02
[HCO3(H2O)3]-
Energy
-493.559572541094
Dipole	Moment	R	N=	3	
	-8.64248742E-02	8.99570488E-02	1.76539413E+00		
Polarizability	R	N=	6		
	8.22529256E+01	-6.51550733E-01	6.37545282E+01	-2.89834332E-01	7.04429735E+00
	7.73109255E+01				
HyperPolarizability	R	N=	10		
	2.88868091E+01	2.99723662E+01	-1.43998217E+01	-1.93650501E+01	7.43516426E+01
	-9.62275225E+00	-2.37880047E+01	-1.95835445E+01	-3.03867836E+01	-1.06657650E+02
Nuclear
1.4507204E+02	-1.0450358E+02	4.6510246E+01
-1.0450358E+02	6.1812605E+02	-2.5542950E+02
4.6510246E+01	-2.5542950E+02	3.0339439E+02
-#-#-#- Small molecules: Products -#-#-#-
(H2O)3
Energy
-229.147500324924
Dipole	Moment	R	N=	3	
	-2.63460878E-02	-5.17626360E-02	2.58625284E+00		
Polarizability	R	N=	6		
	3.47708059E+01	-7.73752993E-01	3.25769646E+01	8.66999154E-02	-5.84380769E-01
	3.43002750E+01				
HyperPolarizability	R	N=	10		
	-1.18378413E+01	5.88430801E+00	-4.65817396E-01	-2.54536949E+00	-8.92431986E+00
	-9.97358376E-01	1.66823124E+00	1.39502134E+01	1.31175911E+00	-1.78872998E+01
Nuclear
1.3373979E+02   3.5004807E+01   7.4765584E+01
3.5004807E+01   9.3573536E+01   4.4048240E+01
7.4765584E+01   4.4048240E+01   1.5127144E+02
(H2O)3
Energy
-229.147500324924
Dipole  Moment  R   N=  3
    -2.63460878E-02 -5.17626360E-02 2.58625284E+00
Polarizability  R   N=  6
    3.47708059E+01  -7.73752993E-01 3.25769646E+01  8.66999154E-02  -5.84380769E-01
    3.43002750E+01
HyperPolarizability R   N=  10
    -1.18378413E+01 5.88430801E+00  -4.65817396E-01 -2.54536949E+00 -8.92431986E+00
    -9.97358376E-01 1.66823124E+00  1.39502134E+01  1.31175911E+00  -1.78872998E+01
Nuclear
1.3373979E+02   3.5004807E+01   7.4765584E+01
3.5004807E+01   9.3573536E+01   4.4048240E+01
7.4765584E+01   4.4048240E+01   1.5127144E+02
CO2
Energy
-188.484378497082
Dipole	Moment	R	N=	3	
	-2.77111667E-13	6.51839693E-14	-3.76587650E-13		
Polarizability	R	N=	6		
	1.80399307E+01	-8.06544451E-01	1.47092259E+01	6.51189595E+00	-1.49721244E+00
	2.65968404E+01				
HyperPolarizability	R	N=	10		
	-4.86037308E-11	8.98771718E-11	-1.74790406E-10	1.25456279E-10	4.25979352E-11
	-3.82300156E-11	-2.36207125E-10	-4.14065410E-11	-3.28027211E-11	-4.48748108E-10
Nuclear
2.9494473E+00	0.0000000E+00	0.0000000E+00
0.0000000E+00	2.9494473E+00	0.0000000E+00
0.0000000E+00	0.0000000E+00	4.8312169E+00
CO2
Energy
-188.484378497082
Dipole  Moment  R   N=  3
    -2.77111667E-13 6.51839693E-14  -3.76587650E-13
Polarizability  R   N=  6
    1.80399307E+01  -8.06544451E-01 1.47092259E+01  6.51189595E+00  -1.49721244E+00
    2.65968404E+01
HyperPolarizability R   N=  10
    -4.86037308E-11 8.98771718E-11  -1.74790406E-10 1.25456279E-10  4.25979352E-11
    -3.82300156E-11 -2.36207125E-10 -4.14065410E-11 -3.28027211E-11 -4.48748108E-10
Nuclear
2.9494473E+00   0.0000000E+00   0.0000000E+00
0.0000000E+00   2.9494473E+00   0.0000000E+00
0.0000000E+00   0.0000000E+00   4.8312169E+00
-#-#-#- END OF FILE -#-#-#-
